     0/299     6.37G   0.03129   0.01079  0.009054   0.05113        20       640    0.6213    0.4436    0.4331    0.2427   0.05975   0.02431   0.02215
     1/299     9.64G   0.03831   0.01105   0.01302   0.06238         9       640    0.5768    0.3996     0.351    0.1647   0.06572   0.02729    0.0261
     2/299     10.9G   0.04205   0.01019   0.01767   0.06992        47       640    0.4513    0.3231      0.24    0.1077   0.06721    0.0284   0.02955
     3/299     10.9G    0.0401  0.009058   0.01828   0.06744        20       640    0.6184    0.3007    0.2792    0.1497   0.06813   0.02774   0.02743
     4/299     10.9G   0.03758  0.009029    0.0175   0.06411        92       640    0.6005    0.3398    0.3087    0.1632   0.06908   0.02995   0.02645
     5/299     10.9G   0.03609  0.008909    0.0163    0.0613        45       640    0.5248     0.377    0.3288    0.1826   0.06563   0.02827   0.02665
     6/299     10.9G   0.03534  0.008756   0.01574   0.05984       130       640    0.5395    0.3805    0.3396    0.1915   0.06753   0.03024   0.02532
     7/299     10.9G   0.03471  0.009115   0.01521   0.05903        34       640    0.5544    0.3697    0.3423    0.1949   0.06695   0.02777   0.02581
     8/299     10.9G   0.03433  0.008734   0.01486   0.05792        29       640    0.5289    0.4357    0.3756     0.217   0.06452   0.03066    0.0242
     9/299     10.9G   0.03418  0.008926   0.01459    0.0577        41       640    0.5614    0.4065    0.3801    0.2212   0.06365   0.03029   0.02387
    10/299     10.9G   0.03363  0.008723   0.01396   0.05631        31       640    0.5372    0.4221     0.371    0.2127   0.06426   0.02819   0.02427
    11/299     10.9G   0.03392  0.008782   0.01369   0.05639        23       640     0.567     0.406    0.3857     0.225   0.06576   0.03182   0.02383
    12/299     10.9G   0.03351  0.008758   0.01378   0.05605        39       640    0.5748    0.3917    0.3912    0.2275   0.06364   0.03084   0.02384
    13/299     10.9G   0.03301  0.008602   0.01326   0.05487        58       640    0.5654    0.4177    0.3988    0.2337   0.06275   0.03042   0.02394
    14/299     10.9G   0.03309  0.008816   0.01351   0.05542        19       640    0.5413    0.4643    0.4153     0.246   0.06131   0.03487   0.02302
    15/299     10.9G   0.03278  0.008757   0.01299   0.05453        37       640     0.582    0.4503    0.4191    0.2505   0.06149   0.02907   0.02302
    16/299     10.9G   0.03254  0.008801   0.01306    0.0544        33       640    0.6023    0.4575    0.4382    0.2614   0.06144   0.03183   0.02278
    17/299     10.9G   0.03281  0.008441   0.01256    0.0538       190       640    0.5981    0.4831    0.4522    0.2703   0.06118   0.03333    0.0231
    18/299     10.9G   0.03198  0.008447   0.01214   0.05256        21       640    0.6241     0.466    0.4544    0.2739    0.0623   0.03433   0.02207
    19/299     10.9G   0.03204  0.008561   0.01233   0.05293        21       640    0.6151    0.4626    0.4539    0.2718   0.06077   0.03391   0.02215
    20/299     10.9G   0.03174  0.008481   0.01182   0.05204        54       640    0.5815    0.5083     0.476     0.285   0.06084   0.03471   0.02192
    21/299     10.9G   0.03159  0.008541    0.0116   0.05173         9       640    0.6319    0.4631    0.4636    0.2804   0.06092   0.03207   0.02107
    22/299     10.9G   0.03188  0.008651   0.01174   0.05227        40       640    0.6556    0.4779    0.4859    0.2909   0.06122   0.03055   0.02215
    23/299     10.9G    0.0316  0.008515   0.01179   0.05191        21       640    0.6278    0.4947    0.4844    0.2917   0.06002   0.03208   0.02172
    24/299     10.9G   0.03179  0.008663   0.01171   0.05216        69       640    0.6203    0.5143    0.4882    0.2929   0.06027   0.03363    0.0221
    25/299     10.9G    0.0322  0.008727   0.01168    0.0526        87       640    0.5947    0.5342    0.4916    0.2975    0.0616   0.03429   0.02213
    26/299     10.9G    0.0313   0.00837   0.01133     0.051        11       640     0.645     0.496    0.5006    0.3036   0.06136   0.03276   0.02143
    27/299     10.9G   0.03137  0.008386   0.01126   0.05102        85       640    0.6324    0.5151    0.5148    0.3146   0.06085   0.03282   0.02039
    28/299     10.9G   0.03151  0.008261   0.01111   0.05088        31       640    0.6364    0.5216    0.5083    0.3092   0.06031   0.03391   0.02128
    29/299     10.9G   0.03164  0.008423   0.01131   0.05137        20       640     0.661    0.5107     0.519    0.3152   0.05952   0.03201   0.02089
    30/299     10.9G   0.03103  0.008322   0.01073   0.05008        29       640    0.6578    0.5264     0.521    0.3169   0.06022   0.03281   0.02068
    31/299     10.9G   0.03126  0.008364   0.01076   0.05039       119       640    0.6567    0.5191    0.5227    0.3184   0.05964    0.0328   0.02114
    32/299     10.9G   0.03092   0.00831   0.01028   0.04951        46       640    0.6755    0.5051    0.5284    0.3237   0.06024    0.0327   0.02068
    33/299     10.9G   0.03062  0.008267   0.01034   0.04923        31       640    0.6527    0.5334    0.5293    0.3259   0.05937   0.03338   0.02074
    34/299     10.9G   0.03126   0.00862   0.01093   0.05081       128       640    0.6643      0.53    0.5371      0.33   0.05961   0.03139   0.02035
    35/299     10.9G   0.03121  0.008404   0.01054   0.05015        48       640    0.6794    0.5124    0.5325    0.3264    0.0594   0.03084   0.02064
    36/299     10.9G   0.03077  0.008253   0.01066   0.04969        38       640    0.6829    0.5098    0.5394    0.3309   0.05948   0.03401   0.02067
    37/299     10.9G   0.03112  0.008364     0.011   0.05048        15       640     0.652    0.5485    0.5429    0.3326    0.0593   0.03553   0.02099
    38/299     10.9G   0.03066  0.008376    0.0103   0.04933        34       640     0.669    0.5277    0.5492    0.3354    0.0594   0.03424   0.02048
    39/299     10.9G    0.0305  0.008488   0.01029   0.04927        31       640    0.6707    0.5324    0.5503    0.3375   0.05882   0.03408   0.02042
    40/299     10.9G   0.03079  0.008344   0.01013   0.04927        51       640    0.6675    0.5342      0.55    0.3375   0.05908   0.03405   0.02028
    41/299     10.9G   0.03059  0.008399   0.01011   0.04909        45       640     0.701    0.5193    0.5504    0.3381   0.05893   0.03442   0.02018
    42/299     10.9G   0.03064  0.008261    0.0102   0.04911        12       640    0.6849    0.5364    0.5538    0.3436   0.05906   0.03501   0.02016
    43/299     10.9G   0.03042  0.008197  0.009937   0.04855        37       640     0.704    0.5293    0.5587    0.3456   0.05922   0.03428   0.02031
    44/299     10.9G   0.03017  0.008329  0.009889   0.04839       123       640    0.6986    0.5304    0.5594    0.3467   0.05871   0.03462   0.02003
    45/299     10.9G   0.03041  0.008285  0.009774   0.04847        80       640    0.7063    0.5304    0.5605    0.3468   0.05862   0.03454   0.01976
    46/299     10.9G   0.03054  0.008393   0.00983   0.04876        15       640    0.7154     0.536    0.5656    0.3493   0.05858   0.03434   0.01981
    47/299     10.9G   0.03035  0.008222  0.009757   0.04833        60       640    0.7024    0.5395    0.5664     0.351    0.0586   0.03379   0.01964
    48/299     10.9G   0.03031  0.008524  0.009813   0.04865        41       640    0.6989    0.5394    0.5673     0.351   0.05867   0.03461   0.01954
    49/299     10.9G   0.03017  0.008546  0.009603   0.04832        23       640    0.6898    0.5457    0.5667    0.3512   0.05843   0.03375   0.01957
    50/299     10.9G   0.03039  0.008357   0.00938   0.04813        73       640    0.6659    0.5613    0.5657    0.3504   0.05863    0.0339   0.01949
    51/299     10.9G   0.03047  0.008366  0.009544   0.04838        34       640    0.7143    0.5374     0.569    0.3517   0.05828   0.03388   0.01957
    52/299     10.9G   0.03008   0.00854  0.009191   0.04781        22       640    0.6973    0.5553    0.5754    0.3576   0.05803   0.03345   0.01958
    53/299     10.9G   0.03081  0.008543  0.009577   0.04893        29       640    0.6872    0.5636    0.5735    0.3559   0.05805   0.03302   0.01952
    54/299     10.9G   0.03018  0.008407  0.009288   0.04788       123       640    0.7219    0.5399    0.5766    0.3582   0.05808   0.03297   0.01952
    55/299     10.9G   0.03021   0.00821  0.009394   0.04782       109       640    0.7196    0.5535    0.5798    0.3606   0.05805   0.03334   0.01941
    56/299     10.9G   0.03032  0.008558  0.009499   0.04838         7       640    0.7073    0.5602    0.5814    0.3619   0.05818   0.03362   0.01942
    57/299     10.9G   0.02994  0.008207  0.009161    0.0473         5       640     0.702    0.5625      0.58    0.3604   0.05815   0.03339   0.01928
    58/299     10.9G   0.02997  0.008305  0.009089   0.04736         9       640    0.7399    0.5315    0.5813     0.361   0.05785   0.03357   0.01916
    59/299     10.9G   0.03015  0.008476   0.00922   0.04785        27       640    0.7026    0.5638    0.5811    0.3615   0.05767   0.03431   0.01915
    60/299     10.9G   0.03037  0.008678  0.009045    0.0481        58       640    0.7066    0.5635    0.5821    0.3617    0.0576   0.03372   0.01907
    61/299     10.9G   0.02978  0.008458   0.00891   0.04715        30       640    0.7092    0.5615    0.5861    0.3637   0.05767   0.03385   0.01908
    62/299     10.9G   0.02974  0.008477  0.009169   0.04738        48       640    0.7113    0.5552    0.5867    0.3654   0.05752   0.03386    0.0191
    63/299     10.9G   0.02976  0.008498  0.009064   0.04732        86       640     0.739    0.5358    0.5889    0.3668   0.05736   0.03382   0.01903
    64/299     10.9G   0.02973  0.008379  0.008754   0.04687        24       640    0.7411    0.5332    0.5893    0.3673    0.0573   0.03389   0.01903
    65/299     10.9G   0.02993  0.008579  0.008905   0.04741        68       640    0.7323    0.5401    0.5895    0.3678   0.05729    0.0338   0.01905
    66/299     10.9G   0.02971  0.008386  0.008964   0.04706        75       640    0.7356    0.5396    0.5894    0.3688   0.05726   0.03389   0.01905
    67/299     10.9G   0.02997  0.008383  0.008821   0.04717        16       640    0.7083    0.5611     0.589    0.3685   0.05724   0.03402   0.01904
    68/299     10.9G   0.02963  0.008676  0.008508   0.04681        12       640    0.7137    0.5595    0.5904    0.3692   0.05718   0.03407   0.01908
    69/299     10.9G   0.02988  0.008344  0.008813   0.04704        29       640     0.728    0.5515    0.5918    0.3698   0.05714   0.03392   0.01915
    70/299     10.9G   0.02975  0.008446  0.008548   0.04674        35       640    0.7174     0.559    0.5925    0.3702   0.05708   0.03388   0.01914
    71/299     10.9G   0.02966  0.008323  0.008643   0.04662        63       640    0.7151    0.5618    0.5961    0.3719   0.05702   0.03396   0.01918
    72/299     10.9G   0.02965  0.008508  0.008522   0.04668        79       640    0.7255    0.5509    0.5971    0.3725   0.05699     0.034    0.0192
    73/299     10.9G   0.02958  0.008656  0.008327   0.04657        27       640    0.7301    0.5477     0.598    0.3735   0.05696    0.0339   0.01916
    74/299     10.9G   0.02986  0.008469  0.008461   0.04679        33       640    0.7291    0.5484    0.5981     0.374   0.05696    0.0338   0.01915
    75/299     10.9G   0.02965  0.008451  0.008346   0.04645        56       640    0.7397    0.5424    0.6007     0.375   0.05696   0.03394   0.01914
    76/299     10.9G   0.02975  0.008295  0.008671   0.04672         5       640    0.7307     0.552    0.5999    0.3745   0.05702   0.03408   0.01911
    77/299     10.9G   0.02956   0.00853  0.007962   0.04605        49       640    0.7204    0.5598    0.6003    0.3747   0.05703   0.03418   0.01912
    78/299     10.9G   0.02945  0.008528  0.008104   0.04608        42       640    0.7129    0.5675    0.6012    0.3752   0.05698   0.03408   0.01908
    79/299     10.9G   0.02933  0.008666  0.008216   0.04622        46       640    0.7271    0.5574    0.6016    0.3752   0.05696   0.03404   0.01908
    80/299     10.9G   0.02949  0.008555  0.008103   0.04615        52       640     0.732    0.5547    0.6036    0.3759   0.05694   0.03411   0.01909
    81/299     10.9G    0.0293  0.008528  0.008326   0.04615        30       640    0.7207    0.5637    0.6048    0.3769   0.05691   0.03411   0.01908
    82/299     10.9G   0.02949  0.008663  0.008132   0.04629        47       640    0.7233    0.5578    0.6006    0.3776   0.05691   0.03411   0.01906
    83/299     10.9G    0.0293  0.008295  0.007445   0.04504        77       640    0.7234    0.5587    0.6005    0.3773   0.05688   0.03407   0.01902
    84/299     10.9G   0.02909  0.008287  0.007761   0.04514        35       640    0.7262    0.5584    0.6012    0.3785   0.05687   0.03417   0.01898
    85/299     10.9G    0.0291  0.008407   0.00788   0.04539        51       640    0.7278    0.5575    0.6021    0.3786   0.05686   0.03417   0.01896
    86/299     10.9G   0.02914   0.00853  0.008078   0.04575        19       640    0.7318    0.5629    0.6023    0.3787   0.05685   0.03412   0.01889
    87/299     10.9G   0.02917  0.008438  0.007924   0.04553        52       640    0.7268    0.5579    0.6026    0.3792   0.05685   0.03407   0.01883
    88/299     10.9G   0.02932  0.008449  0.007802   0.04558       103       640    0.7295    0.5559    0.6034    0.3794   0.05682   0.03408   0.01882
    89/299     10.9G   0.02917  0.008574  0.008103   0.04585        17       640    0.7381    0.5578    0.6038    0.3803    0.0568   0.03402   0.01879
    90/299     10.9G   0.02916  0.008332   0.00781   0.04531        52       640     0.737    0.5599    0.6042    0.3804   0.05679   0.03403   0.01878
    91/299     10.9G   0.02891  0.008378  0.007571   0.04486        41       640     0.734    0.5545    0.6043    0.3807   0.05678   0.03398   0.01878
    92/299     10.9G   0.02909  0.008288  0.007492   0.04487        28       640    0.7344    0.5629     0.605    0.3811   0.05677   0.03396   0.01876
    93/299     10.9G   0.02921   0.00835  0.007695   0.04525        42       640    0.7299     0.567    0.6058    0.3818   0.05676   0.03401   0.01876
    94/299     10.9G   0.02898  0.008324  0.007683   0.04498       115       640    0.7259    0.5703    0.6063    0.3821   0.05675   0.03402   0.01877
    95/299     10.9G   0.02892  0.008402  0.007688   0.04501       155       640    0.7202    0.5759     0.607    0.3826   0.05673   0.03398   0.01876
    96/299     10.9G   0.02886  0.008389  0.007912   0.04516        95       640    0.6347    0.6094    0.6068    0.3824   0.05671   0.03393   0.01874
    97/299     10.9G    0.0289   0.00828  0.007253   0.04444        17       640    0.6792    0.6077    0.6073    0.3828   0.05669   0.03394   0.01873
    98/299     10.9G   0.02925  0.008182  0.007601   0.04503       118       640    0.6823     0.606    0.6081     0.384   0.05668    0.0339   0.01874
    99/299     10.9G   0.02901  0.008377  0.007588   0.04497         5       640     0.684    0.6057     0.609    0.3849   0.05666   0.03387   0.01873
   100/299     10.9G   0.02903  0.008443  0.007718   0.04519       117       640    0.6906    0.5998    0.6091     0.385   0.05663   0.03384   0.01872
   101/299     10.9G   0.02895  0.008271  0.007657   0.04487        40       640    0.6943    0.5981    0.6101     0.386   0.05662   0.03383   0.01872
   102/299     10.9G   0.02897   0.00829  0.007539    0.0448        29       640    0.6958    0.6016    0.6105    0.3856   0.05661   0.03379   0.01872
   103/299     10.9G   0.02881  0.008303  0.007247   0.04436        29       640    0.6948    0.6038     0.611    0.3864    0.0566   0.03376    0.0187
   104/299     10.9G   0.02873  0.008185  0.007513   0.04442        24       640    0.6944    0.6042    0.6117    0.3869   0.05658   0.03376   0.01868
   105/299     10.9G   0.02907  0.008523  0.007175   0.04477        26       640    0.6936    0.6051    0.6109    0.3863   0.05657   0.03375   0.01867
   106/299     10.9G   0.02884  0.008625  0.007395   0.04486        29       640    0.6929    0.6055    0.6124    0.3871   0.05656   0.03372   0.01866
   107/299     10.9G   0.02868  0.008197  0.007235   0.04411        38       640    0.6931    0.6059    0.6123    0.3874   0.05656   0.03368   0.01865
   108/299     10.9G   0.02857  0.008607  0.007063   0.04424        42       640    0.7149    0.5826    0.6137    0.3881   0.05655   0.03369   0.01864
   109/299     10.9G   0.02879  0.008405  0.007019   0.04422        82       640     0.699    0.6036     0.614    0.3879   0.05654   0.03369   0.01862
   110/299     10.9G   0.02879  0.008406   0.00736   0.04456        84       640    0.7013    0.6016    0.6148    0.3886   0.05652   0.03371   0.01862
   111/299     10.9G   0.02877  0.008526  0.007454   0.04475       108       640    0.7046    0.5998    0.6152    0.3889    0.0565   0.03362    0.0186
   112/299     10.9G   0.02874  0.008313  0.007051    0.0441        49       640     0.704    0.6008    0.6155    0.3891   0.05648   0.03362   0.01859
   113/299     10.9G    0.0286  0.008378  0.007174   0.04416       111       640    0.7119    0.5924    0.6157    0.3892   0.05646   0.03357   0.01858
   114/299     10.9G   0.02859  0.008237  0.007095   0.04393       255       640    0.7137    0.5919    0.6161    0.3895   0.05645   0.03353   0.01857
   115/299     10.9G   0.02856  0.008366  0.007016   0.04394       102       640    0.7106    0.5963    0.6161    0.3894   0.05643   0.03354   0.01856
   116/299     10.9G   0.02882  0.008422  0.007392   0.04463        54       640    0.7122    0.5952    0.6157    0.3889   0.05641   0.03354   0.01855
   117/299     10.9G    0.0286  0.008434  0.007147   0.04418        77       640    0.7136    0.5942    0.6172    0.3901   0.05639    0.0335   0.01855
   118/299     10.9G   0.02844  0.008398  0.006782   0.04362        60       640    0.7171    0.5912    0.6162    0.3894   0.05636   0.03349   0.01855
   119/299     10.9G   0.02859  0.008545  0.006954   0.04409        21       640    0.7189    0.5958    0.6224    0.3905   0.05634   0.03344   0.01855
   120/299     10.9G   0.02849  0.008353   0.00675    0.0436       123       640    0.7359    0.5774    0.6226    0.3908   0.05633   0.03345   0.01853
   121/299     10.9G   0.02855  0.008431  0.007186   0.04417        76       640    0.7364    0.5777     0.623    0.3912   0.05631   0.03346   0.01853
   122/299     10.9G    0.0283  0.008325  0.006858   0.04348        34       640    0.7311    0.5826    0.6235    0.3913    0.0563   0.03349   0.01853
   123/299     10.9G   0.02851  0.008286  0.006704    0.0435        60       640    0.7333    0.5812    0.6234    0.3913   0.05628   0.03346   0.01853
   124/299     10.9G   0.02844  0.008456  0.006952   0.04385        74       640    0.7311     0.583    0.6243    0.3918   0.05626    0.0334   0.01852
   125/299     10.9G   0.02845  0.008444  0.006885   0.04378       133       640    0.7333    0.5815    0.6242    0.3922   0.05624   0.03344   0.01852
   126/299     10.9G   0.02852  0.008707  0.006824   0.04405        29       640    0.7354    0.5798    0.6241    0.3922   0.05622   0.03342    0.0185
   127/299     10.9G   0.02846   0.00853  0.006765   0.04376        54       640    0.7354    0.5802    0.6242     0.392   0.05619   0.03344   0.01849
   128/299     10.9G   0.02829  0.008368  0.006754   0.04341        54       640    0.7372    0.5789    0.6245    0.3924   0.05618   0.03345   0.01849
   129/299     10.9G   0.02837  0.008406  0.006627    0.0434        85       640    0.7272    0.5893    0.6248    0.3927   0.05615   0.03342   0.01848
   130/299     10.9G   0.02813  0.008399  0.006695   0.04322        40       640    0.7271    0.5899    0.6256    0.3934   0.05614   0.03341   0.01848
   131/299     10.9G   0.02842  0.008386  0.006904   0.04371        82       640    0.7304    0.5874    0.6259    0.3937   0.05613   0.03342   0.01847
   132/299     10.9G   0.02835  0.008406  0.006956   0.04372        13       640    0.7289    0.5896    0.6263    0.3941   0.05611   0.03342   0.01847
   133/299     10.9G    0.0284  0.008468  0.007046   0.04391        67       640    0.7285    0.5906    0.6271    0.3948    0.0561   0.03345   0.01848
   134/299     10.9G   0.02816  0.008516  0.006495   0.04317        23       640    0.7311    0.5887    0.6275    0.3951   0.05608   0.03346   0.01848
   135/299     10.9G   0.02824  0.008379  0.006617   0.04323        21       640    0.7308    0.5895    0.6277    0.3953   0.05606   0.03345   0.01849
   136/299     10.9G   0.02819  0.008358  0.006791   0.04334        17       640    0.7297    0.5909    0.6286    0.3957   0.05604   0.03353   0.01848
   137/299     10.9G   0.02837  0.008364  0.006563   0.04329        57       640    0.7327    0.5883    0.6284    0.3954   0.05602   0.03356   0.01849
   138/299     10.9G   0.02818  0.008361  0.006488   0.04303        74       640    0.7384    0.5831    0.6291    0.3959   0.05601   0.03353   0.01848
   139/299     10.9G   0.02805  0.008358  0.006649   0.04306        52       640    0.7389    0.5832    0.6292     0.396   0.05599   0.03353   0.01848
   140/299     10.9G   0.02804  0.008354  0.006603     0.043        78       640    0.7378    0.5843    0.6291    0.3959   0.05597   0.03354   0.01847
   141/299     10.9G   0.02816  0.008282  0.006744   0.04318        75       640    0.7451    0.5781    0.6295    0.3963   0.05595   0.03358   0.01847
   142/299     10.9G   0.02823  0.008367  0.006634   0.04323        22       640    0.7399    0.5835    0.6298    0.3966   0.05593   0.03358   0.01847
   143/299     10.9G   0.02833  0.008573  0.006929   0.04383        46       640    0.7416    0.5825    0.6299    0.3967   0.05591   0.03357   0.01846
   144/299     10.9G   0.02822  0.008594  0.006817   0.04363       174       640    0.7318    0.5923    0.6306     0.397   0.05589   0.03356   0.01847
   145/299     10.9G   0.02807  0.008487   0.00657   0.04313        21       640    0.7354    0.5892    0.6311    0.3973   0.05587   0.03356   0.01846
   146/299     10.9G   0.02793  0.008274  0.006544   0.04274        19       640    0.7326    0.5929    0.6315    0.3979   0.05584    0.0336   0.01844
   147/299     10.9G   0.02783  0.008259   0.00642   0.04251        30       640    0.7442    0.5823    0.6309    0.3975   0.05582    0.0336   0.01844
   148/299     10.9G   0.02803  0.008231  0.006432   0.04269        27       640    0.7448    0.5825    0.6316    0.3979   0.05581   0.03366   0.01843
   149/299     10.9G   0.02806  0.008313  0.006193   0.04256        14       640    0.7418    0.5858    0.6316     0.398   0.05579   0.03364   0.01842
   150/299     10.9G   0.02773  0.008268  0.006271   0.04227        36       640    0.7405    0.5873    0.6317    0.3982   0.05577   0.03364   0.01841
   151/299     10.9G   0.02786  0.008348  0.006211   0.04241        22       640    0.7484    0.5807    0.6316    0.3981   0.05575   0.03361   0.01841
   152/299     10.9G   0.02772  0.008295  0.006152   0.04217        89       640    0.7445     0.585    0.6319    0.3987   0.05573   0.03365   0.01841
   153/299     10.9G   0.02807  0.008369  0.006314   0.04276        81       640    0.7489    0.5819    0.6323    0.3988   0.05571   0.03368   0.01841
   154/299     10.9G   0.02786  0.008606  0.006623   0.04309        38       640    0.7467    0.5842    0.6328    0.3991   0.05569    0.0337    0.0184
   155/299     10.9G   0.02792  0.008361  0.006382   0.04266        34       640     0.749    0.5827    0.6331    0.3994   0.05567   0.03373   0.01841
   156/299     10.9G   0.02788  0.008261  0.006374   0.04251        11       640    0.7486    0.5831    0.6329    0.3992   0.05565   0.03373    0.0184
   157/299     10.9G   0.02794  0.008576  0.006506   0.04302       101       640    0.7495    0.5833    0.6335    0.3995   0.05563   0.03372   0.01839
   158/299     10.9G   0.02793  0.008494  0.006324   0.04275        26       640    0.7496    0.5834    0.6333    0.3995   0.05563   0.03374   0.01839
   159/299     10.9G   0.02812  0.008498  0.006105   0.04273        29       640    0.6813    0.6054    0.6339    0.4001   0.05562   0.03372    0.0184
   160/299     10.9G   0.02779  0.008327  0.006222   0.04234        24       640    0.6835    0.6039    0.6347    0.4007    0.0556   0.03373    0.0184
   161/299     10.9G   0.02759  0.008242  0.005893   0.04172        86       640    0.6753     0.611    0.6349    0.4009   0.05559   0.03369   0.01839
   162/299     10.9G   0.02756  0.008293  0.006018   0.04187         5       640    0.6769    0.6101    0.6349    0.4002   0.05557    0.0337   0.01837
   163/299     10.9G   0.02767  0.008249  0.005949   0.04187       139       640    0.6764    0.6112    0.6356    0.4008   0.05556   0.03369   0.01835
   164/299     10.9G    0.0275  0.008433  0.006018   0.04195        64       640    0.6779    0.6095    0.6357     0.401   0.05554   0.03366   0.01833
   165/299     10.9G   0.02742   0.00842  0.006001   0.04184        21       640    0.6786    0.6094    0.6359     0.401   0.05553   0.03369    0.0183
   166/299     10.9G   0.02748  0.008429  0.005732   0.04164       100       640    0.6788    0.6102    0.6359     0.401   0.05551   0.03365   0.01828
   167/299     10.9G   0.02734   0.00836   0.00587   0.04157        26       640    0.7318    0.6006    0.6362    0.4012    0.0555   0.03366   0.01827
   168/299     10.9G   0.02736  0.008116  0.005914   0.04139        81       640    0.7327    0.6003    0.6368    0.4017   0.05549   0.03368   0.01825
   169/299     10.9G   0.02768  0.008094  0.006121    0.0419        40       640    0.7386    0.6001    0.6371    0.4018   0.05547   0.03371   0.01824
   170/299     10.9G   0.02771  0.008363  0.005951   0.04203       109       640    0.7341    0.6002    0.6371    0.4019   0.05545   0.03371   0.01823
   171/299     10.9G   0.02761  0.008415  0.005867    0.0419        61       640    0.7201    0.6111    0.6376    0.4021   0.05543   0.03376   0.01822
   172/299     10.9G   0.02745  0.008204   0.00588   0.04154        65       640    0.7211    0.6103    0.6376    0.4021   0.05541   0.03374   0.01821
   173/299     10.9G   0.02761  0.008311  0.006085     0.042        19       640    0.7221    0.6103    0.6383    0.4026   0.05539   0.03377    0.0182
   174/299     10.9G   0.02732   0.00797  0.005848   0.04114        14       640    0.7222    0.6098     0.638    0.4026   0.05537    0.0338   0.01819
   175/299     10.9G    0.0273  0.008424    0.0056   0.04132        31       640     0.722      0.61    0.6395    0.4036   0.05535   0.03378   0.01818
   176/299     10.9G   0.02739  0.008397  0.005668   0.04146        53       640    0.7223    0.6105    0.6397    0.4037   0.05534    0.0338   0.01817
   177/299     10.9G   0.02743  0.008342  0.005684   0.04145       123       640    0.7228     0.611    0.6403    0.4041   0.05532   0.03384   0.01816
   178/299     10.9G   0.02722  0.008275  0.005688   0.04119        23       640    0.7226    0.6108    0.6411    0.4046   0.05531   0.03385   0.01816
   179/299     10.9G   0.02724  0.008242   0.00566   0.04114        13       640     0.737    0.6008    0.6411    0.4049   0.05529   0.03389   0.01816
   180/299     10.9G    0.0274  0.008265  0.005872   0.04154        26       640    0.7374    0.6013    0.6419    0.4053   0.05527   0.03393   0.01817
   181/299     10.9G   0.02721  0.008427  0.005661    0.0413        73       640    0.7378    0.6011    0.6413     0.405   0.05525   0.03394   0.01816
   182/299     10.9G   0.02739  0.008488  0.005577   0.04145        32       640    0.7234    0.6119    0.6422    0.4057   0.05523   0.03395   0.01815
   183/299     10.9G   0.02724  0.008209  0.005541   0.04099        23       640    0.7408    0.5999    0.6417    0.4052   0.05521   0.03395   0.01814
   184/299     10.9G   0.02728  0.008096  0.005688   0.04106        48       640    0.7367    0.6013    0.6424    0.4058   0.05519   0.03398   0.01813
   185/299     10.9G   0.02711  0.008292  0.005484   0.04088        53       640    0.7245    0.6121    0.6423    0.4056   0.05518     0.034   0.01812
   186/299     10.9G   0.02713  0.008523  0.005308   0.04096        60       640    0.7389    0.6001    0.6429     0.406   0.05516   0.03397    0.0181
   187/299     10.9G   0.02713  0.008447  0.005503   0.04108       141       640     0.739    0.6006    0.6424    0.4057   0.05515   0.03396   0.01808
   188/299     10.9G   0.02736  0.008251  0.005515   0.04112        15       640    0.7379    0.6021    0.6444    0.4071   0.05514   0.03399   0.01807
   189/299     10.9G   0.02719  0.008346  0.005609   0.04114        39       640    0.7243    0.6142    0.6447    0.4072   0.05512   0.03399   0.01807
   190/299     10.9G   0.02704  0.008257   0.00538   0.04067         0       640    0.7232    0.6154    0.6449    0.4073   0.05511   0.03401   0.01805
   191/299     10.9G    0.0273  0.008585   0.00558   0.04147        37       640    0.7235    0.6157    0.6446    0.4071   0.05509   0.03406   0.01804
   192/299     10.9G   0.02703    0.0083  0.005357   0.04068        11       640    0.7257    0.6147    0.6454    0.4077   0.05508   0.03405   0.01802
   193/299     10.9G   0.02694  0.008463  0.005424   0.04083        51       640    0.7258    0.6148    0.6461    0.4081   0.05506   0.03408   0.01801
   194/299     10.9G   0.02698  0.008413  0.005525   0.04092        23       640    0.7258    0.6156    0.6465    0.4085   0.05505   0.03412   0.01799
   195/299     10.9G   0.02705  0.008398  0.005484   0.04093        24       640    0.7258    0.6153    0.6466    0.4085   0.05503   0.03411   0.01798
   196/299     10.9G   0.02686  0.008424  0.005276   0.04056        22       640    0.7266    0.6146    0.6479    0.4095   0.05502   0.03413   0.01796
   197/299     10.9G   0.02685  0.008294  0.005279   0.04042        16       640     0.727    0.6145    0.6484    0.4099     0.055   0.03415   0.01796
   198/299     10.9G   0.02675  0.008567  0.005294   0.04061        19       640    0.7187    0.6321    0.6483    0.4096   0.05499   0.03416   0.01795
   199/299     10.9G   0.02715  0.008549  0.005187   0.04088        46       640    0.7156     0.634    0.6486    0.4101   0.05498   0.03417   0.01793
   200/299     10.9G     0.027   0.00846  0.005176   0.04064        32       640    0.7331    0.6136    0.6491    0.4099   0.05497    0.0342   0.01791
   201/299     10.9G   0.02672  0.008092  0.004978   0.03979        21       640    0.7334    0.6136    0.6498    0.4105   0.05496   0.03426    0.0179
   202/299     10.9G   0.02703  0.008357  0.005227   0.04061        69       640    0.7228    0.6282    0.6496    0.4105   0.05495    0.0343   0.01789
   203/299     10.9G   0.02664  0.008534  0.004977   0.04015        77       640    0.7269    0.6262    0.6505    0.4113   0.05494   0.03423   0.01787
   204/299     10.9G   0.02695  0.008251  0.005114   0.04031        26       640    0.7283    0.6254    0.6505    0.4112   0.05494   0.03428   0.01786
   205/299     10.9G    0.0269  0.008321  0.005027   0.04025       196       640    0.7293    0.6251    0.6511    0.4118   0.05493   0.03426   0.01784
   206/299     10.9G   0.02685  0.008448  0.005107    0.0404        24       640    0.7283    0.6253    0.6515    0.4122   0.05492   0.03429   0.01782
   207/299     10.9G   0.02653  0.008162  0.004932   0.03963        37       640     0.732    0.6238    0.6519    0.4126   0.05492    0.0343   0.01781
   208/299     10.9G   0.02675  0.008413  0.004939    0.0401         3       640    0.7314     0.628    0.6522    0.4126   0.05491   0.03429   0.01781
   209/299     10.9G   0.02655   0.00833  0.005204   0.04009        25       640    0.7316    0.6298    0.6521    0.4125    0.0549   0.03428    0.0178
   210/299     10.9G    0.0267   0.00836  0.005025   0.04009        38       640    0.7243    0.6378    0.6526    0.4131   0.05489   0.03431    0.0178
   211/299     10.9G   0.02678  0.008399   0.00497   0.04015        45       640    0.7289    0.6365     0.653    0.4139   0.05488   0.03428   0.01779
   212/299     10.9G   0.02652  0.008107  0.005003   0.03963        25       640    0.7299     0.636    0.6536    0.4142   0.05488    0.0343   0.01778
   213/299     10.9G   0.02664  0.008212  0.004945    0.0398        31       640    0.7312    0.6354    0.6536    0.4145   0.05487    0.0343   0.01777
   214/299     10.9G    0.0268  0.008482  0.004737   0.04002        55       640    0.7326    0.6345    0.6541    0.4148   0.05486   0.03427   0.01776
   215/299     10.9G   0.02651  0.008224  0.005043   0.03977        73       640     0.736    0.6337    0.6551    0.4153   0.05485    0.0343   0.01776
   216/299     10.9G   0.02653    0.0084  0.004942   0.03987        14       640    0.7359    0.6337    0.6558    0.4158   0.05484   0.03427   0.01776
   217/299     10.9G   0.02655   0.00843  0.004643   0.03962        25       640    0.7358     0.634    0.6557    0.4151   0.05484   0.03427   0.01776
   218/299     10.9G   0.02634  0.008264  0.004763   0.03937        17       640    0.7351    0.6349    0.6561    0.4158   0.05482   0.03422   0.01775
   219/299     10.9G   0.02641  0.008205  0.004754   0.03937        74       640    0.7342    0.6353    0.6564    0.4154   0.05481    0.0343   0.01774
   220/299     10.9G   0.02639  0.008265    0.0048   0.03946       126       640      0.74    0.6367    0.6576    0.4162   0.05479   0.03428   0.01773
   221/299     10.9G   0.02652  0.008507  0.004983   0.04001        29       640    0.7394    0.6374    0.6584    0.4172   0.05478   0.03426   0.01772
   222/299     10.9G   0.02628  0.008391  0.004733    0.0394        48       640    0.7382    0.6398    0.6587    0.4169   0.05476   0.03427   0.01771
   223/299     10.9G   0.02634  0.008317  0.004529   0.03919        36       640    0.7373    0.6405    0.6582    0.4167   0.05475   0.03428   0.01771
   224/299     10.9G   0.02632  0.008447  0.004752   0.03952        34       640    0.7367    0.6408    0.6588    0.4171   0.05474   0.03424   0.01769
   225/299     10.9G    0.0264  0.008101  0.004493   0.03899        20       640     0.734    0.6421    0.6594    0.4177   0.05473   0.03423   0.01768
   226/299     10.9G   0.02639  0.008244  0.004547   0.03918        83       640    0.7341    0.6421     0.659    0.4174   0.05472   0.03428   0.01768
   227/299     10.9G   0.02631  0.008215  0.004633   0.03916        28       640    0.7356    0.6402    0.6602    0.4188   0.05472   0.03428   0.01767
   228/299     10.9G   0.02635  0.008194  0.004736   0.03928       170       640    0.7443    0.6317    0.6603    0.4189   0.05471    0.0343   0.01766
   229/299     10.9G   0.02608  0.008343  0.004565   0.03899        45       640    0.7448    0.6308    0.6601    0.4186    0.0547   0.03429   0.01765
   230/299     10.9G   0.02627  0.008007  0.004494   0.03877        34       640    0.7199    0.6532    0.6588    0.4178    0.0547   0.03432   0.01764
   231/299     10.9G   0.02622  0.008596  0.004587   0.03941        33       640    0.7239    0.6511     0.659     0.418   0.05469   0.03435   0.01762
   232/299     10.9G   0.02629  0.008344  0.004587   0.03922        95       640    0.7256    0.6501    0.6594    0.4183   0.05468   0.03434   0.01762
   233/299     10.9G   0.02633  0.008527  0.004564   0.03942        47       640    0.7347    0.6449    0.6603    0.4188   0.05467   0.03432    0.0176
   234/299     10.9G   0.02625   0.00827  0.004542   0.03906        31       640    0.7371    0.6436    0.6605    0.4189   0.05467   0.03435   0.01759
   235/299     10.9G   0.02612  0.008141  0.004407   0.03867        53       640    0.7403    0.6417    0.6602    0.4187   0.05466   0.03437   0.01757
   236/299     10.9G   0.02607  0.008088  0.004362   0.03852        46       640    0.7419    0.6404    0.6609    0.4194   0.05465   0.03436   0.01756
   237/299     10.9G   0.02605  0.008431  0.004288   0.03877        18       640    0.7439    0.6394     0.661    0.4195   0.05464   0.03439   0.01756
   238/299     10.9G   0.02599  0.008388  0.004629   0.03901       165       640    0.7447    0.6393    0.6615    0.4199   0.05463   0.03437   0.01755
   239/299     10.9G   0.02596  0.008212  0.004532    0.0387        24       640    0.7467    0.6382    0.6617    0.4201   0.05462   0.03436   0.01754
   240/299     10.9G   0.02611  0.008053  0.004527   0.03869        43       640    0.7477     0.638    0.6623    0.4206   0.05461   0.03439   0.01753
   241/299     10.9G   0.02607  0.008193  0.004353   0.03862        72       640    0.7483    0.6376     0.663     0.421   0.05461   0.03441   0.01752
   242/299     10.9G   0.02608   0.00811  0.004299   0.03849        56       640    0.7499    0.6383    0.6635    0.4217    0.0546   0.03443   0.01751
   243/299     10.9G   0.02616  0.008107  0.004486   0.03876        16       640    0.7481    0.6391    0.6636    0.4221   0.05459   0.03447    0.0175
   244/299     10.9G   0.02603  0.008374  0.004316   0.03872       104       640    0.7492    0.6385    0.6662    0.4244   0.05459   0.03449   0.01749
   245/299     10.9G   0.02623  0.008323  0.004311   0.03886        19       640    0.7513    0.6374    0.6671    0.4251   0.05458    0.0345   0.01749
   246/299     10.9G   0.02583  0.008334  0.004296   0.03846        73       640    0.7543     0.636    0.6672    0.4251   0.05458   0.03451   0.01748
   247/299     10.9G   0.02593  0.008128  0.004135   0.03819        66       640      0.76     0.633    0.6681    0.4258   0.05457   0.03452   0.01747
   248/299     10.9G   0.02602  0.008235  0.004496   0.03875        49       640    0.7618    0.6315    0.6686    0.4262   0.05456   0.03456   0.01746
   249/299     10.9G   0.02591  0.008131  0.004226   0.03827        11       640    0.7605    0.6323    0.6684     0.426   0.05455   0.03454   0.01745
   250/299     10.9G   0.02594  0.008167  0.004389    0.0385       152       640    0.7615    0.6328     0.669    0.4264   0.05454   0.03456   0.01745
   251/299     10.9G   0.02594  0.008185   0.00415   0.03828        27       640     0.758     0.634     0.669    0.4266   0.05454   0.03457   0.01745
   252/299     10.9G   0.02594  0.008208  0.004061   0.03821       150       640     0.756    0.6347    0.6693    0.4269   0.05453   0.03465   0.01745
   253/299     10.9G   0.02582  0.008338  0.004073   0.03823       156       640    0.7555    0.6351    0.6687    0.4267   0.05451   0.03466   0.01745
   254/299     10.9G   0.02579  0.008026  0.003957   0.03777        25       640    0.7532    0.6362    0.6694    0.4272    0.0545   0.03465   0.01744
   255/299     10.9G   0.02589  0.008204  0.004131   0.03822        24       640    0.7477    0.6422    0.6701    0.4275   0.05449   0.03466   0.01743
   256/299     10.9G   0.02595  0.008282  0.004297   0.03853        54       640    0.7507    0.6403    0.6696    0.4272   0.05448   0.03463   0.01743
   257/299     10.9G   0.02588  0.008071  0.004274   0.03822        16       640    0.7502    0.6408    0.6683    0.4259   0.05447   0.03468   0.01743
   258/299     10.9G   0.02577  0.007929  0.004216   0.03791        67       640    0.7479    0.6417    0.6674    0.4253   0.05447   0.03465   0.01743
   259/299     10.9G   0.02555  0.008222  0.003984   0.03775        21       640    0.7463    0.6438    0.6677    0.4258   0.05446   0.03463   0.01742
   260/299     10.9G   0.02577  0.008043  0.004077   0.03789        40       640    0.7454    0.6457    0.6674    0.4255   0.05446   0.03461   0.01742
   261/299     10.9G   0.02558  0.008462  0.003858    0.0379        48       640    0.7454    0.6466     0.667    0.4253   0.05445   0.03464    0.0174
   262/299     10.9G   0.02558  0.007891  0.004203   0.03767        19       640    0.7449    0.6474    0.6681     0.426   0.05445   0.03469    0.0174
   263/299     10.9G   0.02568  0.008272  0.004076   0.03803        67       640    0.7412    0.6501     0.668    0.4261   0.05443    0.0347   0.01738
   264/299     10.9G   0.02575  0.008156  0.004149   0.03806        92       640    0.7491    0.6412     0.668    0.4263   0.05442   0.03474   0.01739
   265/299     10.9G    0.0255  0.007937  0.003937   0.03737        26       640     0.751    0.6404    0.6691    0.4269   0.05442   0.03475   0.01738
   266/299     10.9G   0.02563  0.008084  0.003941   0.03766        14       640    0.7566    0.6362    0.6692    0.4271    0.0544   0.03481   0.01738
   267/299     10.9G   0.02555  0.008253  0.004054   0.03785        16       640    0.7697    0.6269     0.669    0.4271   0.05439   0.03487   0.01738
   268/299     10.9G   0.02568  0.007995  0.004191   0.03786         5       640    0.7522    0.6451    0.6713    0.4289   0.05439   0.03486   0.01738
   269/299     10.9G   0.02562  0.008222   0.00394   0.03779        35       640    0.7569    0.6396    0.6712    0.4288   0.05438   0.03485   0.01737
   270/299     10.9G   0.02558  0.008183  0.003886   0.03765        60       640    0.7536    0.6457    0.6711    0.4289   0.05438   0.03485   0.01736
   271/299     10.9G   0.02537  0.007934  0.003844   0.03715        17       640    0.7581    0.6424    0.6719    0.4295   0.05437   0.03484   0.01735
   272/299     10.9G   0.02564  0.008042  0.003846   0.03753        61       640    0.7615    0.6394     0.672    0.4296   0.05437   0.03487   0.01734
   273/299     10.9G   0.02562  0.008247  0.003823   0.03769        48       640    0.7655     0.637    0.6726    0.4302   0.05436   0.03488   0.01732
   274/299     10.9G   0.02539  0.007821   0.00395   0.03716       127       640    0.7722     0.633    0.6736    0.4313   0.05436   0.03493   0.01732
   275/299     10.9G   0.02543  0.008056  0.003856   0.03734       169       640    0.7745    0.6317    0.6734    0.4309   0.05436     0.035   0.01733
   276/299     10.9G   0.02556  0.007992  0.004007   0.03756        12       640    0.7736    0.6321    0.6738    0.4312   0.05436   0.03501   0.01733
   277/299     10.9G   0.02554  0.008203  0.003932   0.03768        54       640    0.7728    0.6328    0.6743    0.4314   0.05436   0.03498   0.01734
   278/299     10.9G   0.02556  0.008091  0.003944    0.0376        20       640    0.7722    0.6336     0.675    0.4322   0.05435   0.03506   0.01733
   279/299     10.9G   0.02567  0.008087  0.004033   0.03779        22       640    0.7712     0.635    0.6747    0.4323   0.05435   0.03506   0.01733
   280/299     10.9G    0.0253  0.008018  0.003972   0.03729        88       640     0.786    0.6244    0.6741    0.4321   0.05434   0.03512   0.01733
   281/299     10.9G   0.02538  0.008129  0.003886    0.0374       115       640     0.795    0.6247    0.6785    0.4335   0.05434   0.03514   0.01733
   282/299     10.9G   0.02555  0.008109   0.00386   0.03752        89       640    0.7934    0.6267    0.6787    0.4338   0.05434   0.03516   0.01732
   283/299     10.9G   0.02559  0.008344  0.003808   0.03774        96       640    0.7875    0.6293    0.6785    0.4338   0.05434    0.0352   0.01731
   284/299     10.9G   0.02548  0.008112  0.003864   0.03746        30       640    0.7856     0.631    0.6789    0.4341   0.05433   0.03523   0.01729
   285/299     10.9G   0.02545  0.007939   0.00388   0.03727        53       640     0.786    0.6321    0.6787    0.4342   0.05433   0.03529   0.01729
   286/299     10.9G   0.02543  0.008023  0.003822   0.03728         9       640    0.7868    0.6314     0.678    0.4339   0.05432   0.03531   0.01727
   287/299     10.9G   0.02526  0.008129  0.003808    0.0372       101       640    0.7845    0.6338     0.679    0.4348   0.05432   0.03533   0.01727
   288/299     10.9G    0.0252  0.007914   0.00364   0.03676        38       640    0.7844     0.634     0.679    0.4347   0.05431   0.03533   0.01727
   289/299     10.9G   0.02547  0.008147  0.003887    0.0375        15       640    0.7865    0.6317    0.6792    0.4349   0.05431   0.03531   0.01726
   290/299     10.9G   0.02537  0.007939  0.003727   0.03703       102       640    0.7887      0.63      0.68    0.4351   0.05432   0.03533   0.01725
   291/299     10.9G   0.02534  0.007942  0.003687   0.03696         3       640    0.7886      0.63    0.6797     0.435   0.05432   0.03532   0.01724
   292/299     10.9G   0.02549   0.00812  0.003824   0.03744        72       640    0.7872    0.6312    0.6799    0.4352   0.05432    0.0353   0.01724
   293/299     10.9G   0.02515  0.007852   0.00368   0.03669        88       640     0.788    0.6307    0.6792    0.4351   0.05431   0.03532   0.01724
   294/299     10.9G   0.02542  0.008037  0.003893   0.03735        71       640    0.7872    0.6317    0.6798    0.4359    0.0543   0.03536   0.01723
   295/299     10.9G   0.02572  0.008094  0.004061   0.03787        56       640    0.7908    0.6282      0.68    0.4363   0.05431   0.03538   0.01723
   296/299     10.9G   0.02555  0.008019  0.003958   0.03752        17       640    0.7912    0.6282    0.6813    0.4372   0.05431   0.03541   0.01724
   297/299     10.9G   0.02552  0.008297  0.003894   0.03771        36       640    0.7897    0.6288     0.682    0.4377   0.05431   0.03543   0.01723
   298/299     10.9G    0.0254  0.008078  0.003738   0.03722        49       640    0.7807    0.6362     0.682    0.4377   0.05431   0.03542   0.01723
   299/299     10.9G   0.02553   0.00834  0.003789   0.03766        11       640    0.7832    0.6342    0.6828    0.4379   0.05431   0.03546   0.01722
